[1, 1, 1]
[1, 1, 2]
[1, 1, 3]
[1, 2, 1]
[1, 2, 2]
[1, 2, 3]
[1, 3, 1]
[1, 3, 2]
[1, 3, 3]
[2, 1, 1]
[2, 1, 2]
[2, 1, 3]
[2, 2, 1]
[2, 2, 2]
[2, 2, 3]
[2, 3, 1]
[2, 3, 2]
[2, 3, 3]
[3, 1, 1]
[3, 1, 2]
[3, 1, 3]
[3, 2, 1]
[3, 2, 2]
[3, 2, 3]
[3, 3, 1]
[3, 3, 2]
[3, 3, 3]

======================

[1, 1, 1] cek
[1, 1, 2] cek
[1, 1, 3] cek
[1, 2, 1] cek
[1, 3, 1] cek
[2, 1, 1] cek
[3, 1, 1] cek


[1, 2, 2] 
[1, 2, 3]
[1, 3, 2] 
[1, 3, 3]
[2, 1, 2] 
[2, 1, 3]
[2, 2, 1] 
[2, 2, 2]
[2, 2, 3]
[2, 3, 1]
[2, 3, 2]
[2, 3, 3]
[3, 1, 2]
[3, 1, 3]
[3, 2, 1]
[3, 2, 2]
[3, 2, 3]
[3, 3, 1]
[3, 3, 2]
[3, 3, 3]


=====================
2D


[1, 1] cek 

[1, 2] cek
[1, 3] cek
[1, 4] cek
[2, 1] cek
[4, 1] cek
[3, 1] cek

dijumlah
[2, 2]
[3, 3]
[4, 4]



[2, 3]
[2, 4]
[3, 2]
[3, 4]
[4, 2]
[4, 3]


